FAT,RATE
 2.0, 10.00
 2.1, 10.50
 2.2, 11.00
 2.3, 11.50
 2.4, 12.00
 2.5, 12.50
 2.6, 13.00
 2.7, 13.50
 2.8, 14.00
 2.9, 14.50
 3.0, 15.00
 3.1, 15.50
 3.2, 16.00
 3.3, 16.50
 3.4, 17.00
 3.5, 17.50
 3.6, 18.00
 3.7, 18.50
 3.8, 19.00
 3.9, 19.50
 4.0, 20.00
 4.1, 20.50
 4.2, 21.00
 4.3, 21.50
 4.4, 22.00
 4.5, 22.50
 4.6, 23.00
 4.7, 23.50
 4.8, 24.00
 4.9, 24.50
 5.0, 25.00
 5.1, 25.50
 5.2, 26.00
 5.3, 26.50
 5.4, 27.00
 5.5, 27.50
 5.6, 28.00
 5.7, 28.50
 5.8, 29.00
 5.9, 29.50
 6.0, 30.00
 6.1, 30.50
 6.2, 31.00
 6.3, 31.50
 6.4, 32.00
 6.5, 32.50
 6.6, 33.00
 6.7, 33.50
 6.8, 34.00
 6.9, 34.50
 7.0, 35.00
 7.1, 35.50
 7.2, 36.00
 7.3, 36.50
 7.4, 37.00
 7.5, 37.50
 7.6, 38.00
 7.7, 38.50
 7.8, 39.00
 7.9, 39.50
 8.0, 40.00
 8.1, 40.50
 8.2, 41.00
 8.3, 41.50
 8.4, 42.00
 8.5, 42.50
 8.6, 43.00
 8.7, 43.50
 8.8, 44.00
 8.9, 44.50
 9.0, 45.00
 9.1, 45.50
 9.2, 46.00
 9.3, 46.50
 9.4, 47.00
 9.5, 47.50
 9.6, 48.00
 9.7, 48.50
 9.8, 49.00
 9.9, 49.50
10.0, 50.00
