FAT,RATE
 3.0, 18.00
 3.1, 18.60
 3.2, 19.20
 3.3, 19.80
 3.4, 20.40
 3.5, 21.00
 3.6, 21.60
 3.7, 22.20
 3.8, 22.80
 3.9, 23.40
 4.0, 24.00
 4.1, 24.60
 4.2, 25.20
 4.3, 25.80
 4.4, 26.40
 4.5, 27.00
 4.6, 27.60
 4.7, 28.20
 4.8, 28.80
 4.9, 29.40
 5.0, 30.00
 5.1, 30.60
 5.2, 31.20
 5.3, 31.80
 5.4, 32.40
 5.5, 33.00
 5.6, 33.60
 5.7, 34.20
 5.8, 34.80
 5.9, 35.40
 6.0, 36.00
 6.1, 36.60
 6.2, 37.20
 6.3, 37.80
 6.4, 38.40
 6.5, 39.00
 6.6, 39.60
 6.7, 40.20
 6.8, 40.80
 6.9, 41.40
 7.0, 42.00
 7.1, 42.60
 7.2, 43.20
 7.3, 43.80
 7.4, 44.40
 7.5, 45.00
 7.6, 45.60
 7.7, 46.20
 7.8, 46.80
 7.9, 47.40
 8.0, 48.00
 8.1, 48.60
 8.2, 49.20
 8.3, 49.80
 8.4, 50.40
 8.5, 51.00
 8.6, 51.60
 8.7, 52.20
 8.8, 52.80
 8.9, 53.40
 9.0, 54.00
 9.1, 54.60
 9.2, 55.20
 9.3, 55.80
 9.4, 56.40
 9.5, 57.00
 9.6, 57.60
 9.7, 58.20
 9.8, 58.80
 9.9, 59.40
10.0, 60.00
10.1, 60.60
10.2, 61.20
10.3, 61.80
10.4, 62.40
10.5, 63.00
10.6, 63.60
10.7, 64.20
10.8, 64.80
10.9, 65.40
11.0, 66.00
11.1, 66.60
11.2, 67.20
11.3, 67.80
11.4, 68.40
11.5, 69.00
11.6, 69.60
11.7, 70.20
11.8, 70.80
11.9, 71.40
12.0, 72.00
